> age<-c(13,15,16,16,19,20,20,21,22,22,25,25,25,25,30,33,33,35,35,35,35,36,40,45,46,52,70)
> min(age)
[1] 13
> max(age)
[1] 70
> midrange=(min(age)+max(age))/2
> print(midrange)
[1] 41.5
> 
> age<-c(13,15,16,16,19,20,20,21,22,22,25,25,25,25,30,33,33,35,35,35,35,36,40,45,46,52,70)
> q1=quantile(age,.25)
> print(q1)
 25% 
20.5 
> q3=quantile(age,.75)
> print(q3)
75% 
 35 
> 
> age<-c(13,15,16,16,19,20,20,21,22,22,25,25,25,25,30,33,33,35,35,35,35,36,40,45,46,52,70)
> mean(age)
[1] 29.96296
> 
> age<-c(13,15,16,16,19,20,20,21,22,22,25,25,25,25,30,33,33,35,35,35,35,36,40,45,46,52,70)
> median(age)
[1] 25
> 
> age=c(13,15,16,16,19,20,20,21,22,22,25,25,25,25,30,33,33,35,35,35,35,36,40,45,46,52,70) 
> mode=names(table(age))[table(age)==max(table(age))] 
> mode
[1] "25" "35"
